BT 1 1222380 6.408201
BT 2 1226877 6.439449
BT 3 2160933 11.297691
BT 4 2164319 11.313285
BT 5 2195029 11.453904
BT 6 2204342 11.485146
BT 7 2209128 11.51639
BT 8 2245895 11.703813
BT 9 2249348 11.735056
BT 10 2255036 11.766299
BT 11 2260861 11.797541
BT 12 3002872 15.78102
BT 13 3359942 17.733689
BT 14 3417831 18.030462
BT 15 3422694 18.061705
BT 16 3454852 18.21795
BT 17 3459115 18.23354
BT 18 3464772 18.264783
BT 19 3469565 18.296026
BT 20 3505412 18.452273
BT 21 3509606 18.483514
BT 22 3516741 18.514758
BT 23 3522191 18.530373
BT 24 7174347 37.621007
BT 25 7183971 37.667898
BT 26 7194261 37.730388
BT 27 7342739 38.480181
BT 28 8106500 42.323067
BT 29 8489682 44.353849
BT 30 8523186 44.525647
BT 31 8533602 44.588133
BT 32 12459097 65.083352
BT 33 12469867 65.145836
BT 34 12470047 65.145836
BT 35 12599231 65.880038
BT 36 12705622 66.411164
BT 37 12705682 66.411164
BT 38 12808274 66.973533
BT 39 13598826 71.113194
BT 40 13794256 72.175445
BT 41 13806301 72.237967
BT 42 13806481 72.237967
BT 43 14055373 73.596988
BT 44 14074347 73.706338
BT 45 14074407 73.706338
BT 46 16711173 87.110524
BT 47 16711299 87.110524
BT 48 17646555 91.796963
BT 49 17833134 92.82794
BT 50 17996283 93.703866
BT 51 18018821 93.813216
BT 52 18218130 94.78174
BT 53 18698817 97.406128
BT 54 18853197 98.234058
BT 55 18855641 98.24968
BT 56 18855803 98.24968
BT 57 19095019 99.546254
BT 58 19097349 99.561876
BT 59 19115692 99.655602
BT 60 21353777 111.184163
BT 61 21532512 112.090202
BT 62 21532680 112.090202
BT 63 21543267 112.137066
BT 64 21543381 112.137066
BT 65 21744609 113.152455
BT 66 21748152 113.183697
BT 67 21748272 113.183697
BT 68 21748405 113.183697
BT 69 21748507 113.183697
BT 70 21823875 113.574231
BT 71 22050530 114.886457
BT 72 22058172 114.917667
BT 73 22401486 116.776609
BT 74 22406653 116.807852
BT 75 22414346 116.854716
BT 76 22416833 116.854716
BT 77 22681513 118.245042
BT 78 22681920 118.245042
BT 79 22690305 118.291913
BT 80 22690534 118.291913
BT 81 22690910 118.291913
BT 82 22710108 118.385609
BT 83 22738751 118.541849
BT 84 22884386 119.307302
BT 85 22886374 119.307302
BT 86 22905334 119.416651
BT 87 23012649 119.994639
BT 88 23082533 120.369521
BT 89 23103031 120.47887
BT 90 23108236 120.510143
BT 91 23114693 120.541355
BT 92 23294957 121.509878
BT 93 23573499 122.980477
BT 94 23583923 123.042965
BT 95 23748048 123.902107
BT 96 23761758 123.995836
BT 97 23761818 123.995836
BT 98 23895300 124.683207
BT 99 23895420 124.683207
BT 100 23895757 124.683207
BT 101 23896145 124.683207
BT 102 23896599 124.683207
BT 103 23899357 124.698797
BT 104 24117451 125.917263
BT 105 24119613 125.917263
BT 106 24138022 126.026611
BT 107 26627567 139.09625
BT 108 26627735 139.09625
BT 109 27583261 144.210608
BT 110 27586300 144.226229
BT 111 28254801 147.769395
BT 112 28280396 147.909987
BT 113 28285255 147.94123
BT 114 28297792 148.003716
BT 115 28517841 149.144074
BT 116 28687206 150.034493
BT 117 28861915 151.003016
BT 118 29004889 151.799724
BT 119 29047091 152.002784
BT 120 29062576 152.096543
BT 121 29062636 152.096543
BT 122 29166514 152.627637
BT 123 29680652 155.3937
BT 124 29710178 155.534323
BT 125 29716315 155.565568
BT 126 29729743 155.628053
BT 127 30016828 157.143324
BT 128 30434698 159.377145
BT 129 30448329 159.470875
BT 130 30648329 160.579991
BT 131 30667366 160.689338
BT 132 30667426 160.689338
BT 133 30892016 161.923428
BT+FC 1 56291 3.34297
BT+FC 2 56615 3.358624
BT+FC 3 101556 5.906054
BT+FC 4 101813 5.921676
BT+FC 5 103292 5.999785
BT+FC 6 103903 6.031025
BT+FC 7 104251 6.046646
BT+FC 8 105505 6.1091
BT+FC 9 105703 6.124722
BT+FC 10 105920 6.124722
BT+FC 11 106236 6.140342
BT+FC 12 146815 8.327331
BT+FC 13 166804 9.34272
BT+FC 14 170292 9.530176
BT+FC 15 170670 9.545798
BT+FC 16 172184 9.623904
BT+FC 17 172532 9.639525
BT+FC 18 172881 9.655147
BT+FC 19 173284 9.670768
BT+FC 20 174601 9.764497
BT+FC 21 174817 9.764497
BT+FC 22 175054 9.780118
BT+FC 23 175358 9.79574
BT+FC 24 301973 17.044081
BT+FC 25 302790 17.075292
BT+FC 26 303546 17.106534
BT+FC 27 310889 17.481447
BT+FC 28 350780 19.809027
BT+FC 29 370992 20.886934
BT+FC 30 373916 21.011874
BT+FC 31 374832 21.043116
BT+FC 32 503130 28.478882
BT+FC 33 504051 28.525743
BT+FC 34 504078 28.525743
BT+FC 35 510258 28.838205
BT+FC 36 515723 29.135012
BT+FC 37 515734 29.135012
BT+FC 38 520352 29.416161
BT+FC 39 561799 31.806229
BT+FC 40 572350 32.384251
BT+FC 41 573446 32.431115
BT+FC 42 573473 32.431115
BT+FC 43 586774 33.102801
BT+FC 44 588416 33.180909
BT+FC 45 588427 33.180909
BT+FC 46 647196 36.836306
BT+FC 47 647217 36.836306
BT+FC 48 687229 39.288859
BT+FC 49 695394 39.741878
BT+FC 50 702337 40.179275
BT+FC 51 704096 40.288626
BT+FC 52 713484 40.850994
BT+FC 53 737391 42.225674
BT+FC 54 745331 42.663072
BT+FC 55 745580 42.678693
BT+FC 56 745608 42.678693
BT+FC 57 758513 43.334788
BT+FC 58 758764 43.334788
BT+FC 59 760179 43.412896
BT+FC 60 801681 45.943556
BT+FC 61 808822 46.380952
BT+FC 62 808845 46.380952
BT+FC 63 809591 46.427816
BT+FC 64 809611 46.427816
BT+FC 65 817243 46.896459
BT+FC 66 817500 46.912081
BT+FC 67 817521 46.912081
BT+FC 68 817545 46.912081
BT+FC 69 817563 46.912081
BT+FC 70 821183 47.099535
BT+FC 71 831519 47.677527
BT+FC 72 832030 47.693148
BT+FC 73 847256 48.647113
BT+FC 74 847576 48.662761
BT+FC 75 848165 48.678388
BT+FC 76 848336 48.69401
BT+FC 77 859040 49.288701
BT+FC 78 859088 49.288701
BT+FC 79 859790 49.319942
BT+FC 80 859824 49.319942
BT+FC 81 859865 49.319942
BT+FC 82 861271 49.382428
BT+FC 83 862355 49.429294
BT+FC 84 869198 49.788583
BT+FC 85 869393 49.788583
BT+FC 86 870874 49.851068
BT+FC 87 875206 50.10101
BT+FC 88 878591 50.304115
BT+FC 89 880120 50.382227
BT+FC 90 880591 50.397848
BT+FC 91 881064 50.429091
BT+FC 92 889081 50.8977
BT+FC 93 903019 51.694388
BT+FC 94 903765 51.741251
BT+FC 95 911171 52.147409
BT+FC 96 912168 52.209893
BT+FC 97 912179 52.209893
BT+FC 98 918562 52.584805
BT+FC 99 918583 52.584805
BT+FC 100 918632 52.584805
BT+FC 101 918679 52.600427
BT+FC 102 918728 52.600427
BT+FC 103 918866 52.600427
BT+FC 104 930315 53.131552
BT+FC 105 930527 53.131552
BT+FC 106 931992 53.194038
BT+FC 107 986706 56.583899
BT+FC 108 986728 56.583899
BT+FC 109 1028047 59.083291
BT+FC 110 1028233 59.083291
BT+FC 111 1055541 60.661047
BT+FC 112 1057082 60.754776
BT+FC 113 1057408 60.770397
BT+FC 114 1058252 60.80164
BT+FC 115 1067964 61.379628
BT+FC 116 1075665 61.817026
BT+FC 117 1084367 62.316911
BT+FC 118 1090430 62.644957
BT+FC 119 1092652 62.754309
BT+FC 120 1093626 62.801173
BT+FC 121 1093637 62.801173
BT+FC 122 1097887 63.035492
BT+FC 123 1118929 64.222716
BT+FC 124 1120832 64.316445
BT+FC 125 1121188 64.347687
BT+FC 126 1122076 64.37893
BT+FC 127 1135116 65.11317
BT+FC 128 1155008 66.144169
BT+FC 129 1155812 66.191007
BT+FC 130 1164334 66.659648
BT+FC 131 1165582 66.722131
BT+FC 132 1165593 66.722131
BT+FC 133 1175546 67.268879